1332817616.609811, 1332817616.609831
1332817616.609835, 1332817616.609848
1332817616.609848, 1332817616.609861
1332817616.609861, 1332817616.609873
1332817616.609885, 1332817616.609897
1332817616.609897, 1332817616.609910
1332817616.609910, 1332817616.609923
1332817616.609923, 1332817616.609936
1332817616.609936, 1332817616.609949
1332817616.609949, 1332817616.609962
1332817616.609962, 1332817616.609974
1332817616.609981, 1332817616.609993
1332817616.609993, 1332817616.610006
1332817616.610006, 1332817616.610018
1332817616.610018, 1332817616.610031
1332817616.610038, 1332817616.610050
1332817616.610050, 1332817616.610063
1332817616.610069, 1332817616.610082
1332817616.610082, 1332817616.610094
1332817616.610094, 1332817616.610107
1332817616.610113, 1332817616.610126
1332817616.610126, 1332817616.610138
1332817616.610145, 1332817616.610158
1332817616.610158, 1332817616.610170
1332817616.610177, 1332817616.610189
1332817616.610189, 1332817616.610202
1332817616.610208, 1332817616.610221
1332817616.610221, 1332817616.610233
1332817616.610240, 1332817616.610252
1332817616.610259, 1332817616.610271
1332817616.610278, 1332817616.610290
1332817616.610305, 1332817616.610317
1332817616.610317, 1332817616.610330
1332817616.610334, 1332817616.610346
1332817616.610347, 1332817616.610359
1332817616.610359, 1332817616.610372
1332817616.610372, 1332817616.610384
1332817616.610391, 1332817616.610404
1332817616.610404, 1332817616.610416
1332817616.610416, 1332817616.610429
1332817616.610429, 1332817616.610441
1332817616.610448, 1332817616.610461
1332817616.610461, 1332817616.610473
1332817616.610473, 1332817616.610486
1332817616.610486, 1332817616.610499
1332817616.610505, 1332817616.610518
1332817616.610518, 1332817616.610530
1332817616.610531, 1332817616.610543
1332817616.610550, 1332817616.610562
1332817616.610562, 1332817616.610575
1332817616.610575, 1332817616.610587
1332817616.610594, 1332817616.610607
1332817616.610607, 1332817616.610619
1332817616.610619, 1332817616.610632
1332817616.610638, 1332817616.610651
1332817616.610651, 1332817616.610663
1332817616.610670, 1332817616.610683
1332817616.610683, 1332817616.610695
1332817616.610702, 1332817616.610715
1332817616.610715, 1332817616.610727
1332817616.610734, 1332817616.610746
1332817616.610746, 1332817616.610759
1332817616.610766, 1332817616.610778
1332817616.610785, 1332817616.610797
1332817616.610828, 1332817616.610841
1332817616.610841, 1332817616.610854
1332817616.610854, 1332817616.610866
1332817616.610867, 1332817616.610879
1332817616.610879, 1332817616.610892
1332817616.610898, 1332817616.610911
1332817616.610911, 1332817616.610923
1332817616.610924, 1332817616.610936
1332817616.610936, 1332817616.610949
1332817616.610949, 1332817616.610961
1332817616.610968, 1332817616.610980
1332817616.610980, 1332817616.610993
1332817616.610993, 1332817616.611005
1332817616.611005, 1332817616.611018
1332817616.611018, 1332817616.611030
1332817616.611037, 1332817616.611050
1332817616.611050, 1332817616.611062
1332817616.611062, 1332817616.611075
1332817616.611082, 1332817616.611094
1332817616.611094, 1332817616.611107
1332817616.611107, 1332817616.611119
1332817616.611126, 1332817616.611139
1332817616.611139, 1332817616.611151
1332817616.611151, 1332817616.611164
1332817616.611171, 1332817616.611183
1332817616.611183, 1332817616.611196
1332817616.611196, 1332817616.611209
1332817616.611215, 1332817616.611228
1332817616.611228, 1332817616.611240
1332817616.611247, 1332817616.611259
1332817616.611259, 1332817616.611272
1332817616.611279, 1332817616.611291
1332817616.611291, 1332817616.611304
1332817616.611310, 1332817616.611323
1332817616.611323, 1332817616.611336
1332817616.611342, 1332817616.611355
1332817616.611382, 1332817616.611395
1332817616.611395, 1332817616.611408
1332817616.611408, 1332817616.611420
1332817616.611427, 1332817616.611439
1332817616.611439, 1332817616.611452
1332817616.611452, 1332817616.611465
1332817616.611465, 1332817616.611477
1332817616.611484, 1332817616.611496
1332817616.611496, 1332817616.611509
1332817616.611509, 1332817616.611521
1332817616.611521, 1332817616.611534
1332817616.611540, 1332817616.611553
1332817616.611553, 1332817616.611565
1332817616.611565, 1332817616.611578
1332817616.611585, 1332817616.611597
1332817616.611597, 1332817616.611610
1332817616.611610, 1332817616.611622
1332817616.611629, 1332817616.611641
1332817616.611641, 1332817616.611654
1332817616.611660, 1332817616.611673
1332817616.611673, 1332817616.611685
1332817616.611692, 1332817616.611704
1332817616.611705, 1332817616.611717
1332817616.611724, 1332817616.611736
1332817616.611743, 1332817616.611755
1332817616.611762, 1332817616.611775
1332817616.611781, 1332817616.611794
1332817616.611814, 1332817616.611827
1332817616.611827, 1332817616.611839
1332817616.611839, 1332817616.611852
1332817616.611852, 1332817616.611865
1332817616.611871, 1332817616.611887
1332817616.611887, 1332817616.611900
1332817616.611900, 1332817616.611912
1332817616.611912, 1332817616.611925
1332817616.611932, 1332817616.611944
1332817616.611944, 1332817616.611957
1332817616.611957, 1332817616.611969
1332817616.611969, 1332817616.611982
1332817616.611989, 1332817616.612001
1332817616.612001, 1332817616.612014
1332817616.612014, 1332817616.612026
1332817616.612033, 1332817616.612045
1332817616.612045, 1332817616.612058
1332817616.612058, 1332817616.612070
1332817616.612077, 1332817616.612089
1332817616.612089, 1332817616.612102
1332817616.612108, 1332817616.612121
1332817616.612121, 1332817616.612133
1332817616.612140, 1332817616.612153
1332817616.612153, 1332817616.612165
1332817616.612172, 1332817616.612184
1332817616.612184, 1332817616.612197
1332817616.612203, 1332817616.612216
1332817616.612216, 1332817616.612228
1332817616.612235, 1332817616.612247
1332817616.612262, 1332817616.612275
1332817616.612301, 1332817616.612313
1332817616.612313, 1332817616.612326
1332817616.612326, 1332817616.612339
1332817616.612345, 1332817616.612358
1332817616.612358, 1332817616.612370
1332817616.612371, 1332817616.612383
1332817616.612383, 1332817616.612396
1332817616.612402, 1332817616.612415
1332817616.612415, 1332817616.612427
1332817616.612427, 1332817616.612440
1332817616.612440, 1332817616.612452
1332817616.612459, 1332817616.612472
1332817616.612472, 1332817616.612484
1332817616.612484, 1332817616.612497
1332817616.612508, 1332817616.612521
1332817616.612521, 1332817616.612533
1332817616.612533, 1332817616.612546
1332817616.612556, 1332817616.612569
1332817616.612569, 1332817616.612581
1332817616.612588, 1332817616.612600
1332817616.612600, 1332817616.612613
1332817616.612620, 1332817616.612632
1332817616.612632, 1332817616.612645
1332817616.612651, 1332817616.612664
1332817616.612664, 1332817616.612676
1332817616.612683, 1332817616.612696
1332817616.612696, 1332817616.612708
1332817616.612715, 1332817616.612727
1332817616.612734, 1332817616.612747
1332817616.612747, 1332817616.612759
1332817616.612771, 1332817616.612783
1332817616.612784, 1332817616.612796
1332817616.612796, 1332817616.612809
1332817616.612817, 1332817616.612830
1332817616.612830, 1332817616.612842
1332817616.612842, 1332817616.612855
1332817616.612861, 1332817616.612874
1332817616.612874, 1332817616.612886
1332817616.612895, 1332817616.612907
1332817616.612907, 1332817616.612920
1332817616.612928, 1332817616.612940
1332817616.612940, 1332817616.612953
1332817616.612960, 1332817616.612972
1332817616.612972, 1332817616.612985
1332817616.612993, 1332817616.613005
1332817616.613005, 1332817616.613018
1332817616.613018, 1332817616.613030
1332817616.613039, 1332817616.613051
1332817616.613051, 1332817616.613064
1332817616.613070, 1332817616.613083
1332817616.613083, 1332817616.613095
1332817616.613103, 1332817616.613116
1332817616.613116, 1332817616.613128
1332817616.613136, 1332817616.613149
1332817616.613149, 1332817616.613162
1332817616.613168, 1332817616.613181
1332817616.613189, 1332817616.613202
1332817616.613202, 1332817616.613214
1332817616.613222, 1332817616.613235
1332817616.613235, 1332817616.613247
1332817616.613254, 1332817616.613266
1332817616.613266, 1332817616.613279
1332817616.613287, 1332817616.613299
1332817616.613300, 1332817616.613312
1332817616.613319, 1332817616.613331
1332817616.613340, 1332817616.613352
1332817616.613352, 1332817616.613365
1332817616.613373, 1332817616.613386
1332817616.613392, 1332817616.613405
1332817616.613413, 1332817616.613425
1332817616.613444, 1332817616.613456
1332817616.613457, 1332817616.613469
1332817616.613469, 1332817616.613482
1332817616.613482, 1332817616.613494
1332817616.613516, 1332817616.613529
1332817616.613529, 1332817616.613541
1332817616.613542, 1332817616.613554
1332817616.613554, 1332817616.613567
1332817616.613567, 1332817616.613579
1332817616.613586, 1332817616.613598
1332817616.613598, 1332817616.613611
1332817616.613611, 1332817616.613624
1332817616.613624, 1332817616.613636
1332817616.613636, 1332817616.613649
1332817616.613656, 1332817616.613668
1332817616.613668, 1332817616.613681
1332817616.613681, 1332817616.613693
1332817616.613693, 1332817616.613706
1332817616.613706, 1332817616.613718
1332817616.613719, 1332817616.613731
1332817616.613738, 1332817616.613750
1332817616.613750, 1332817616.613763
1332817616.613763, 1332817616.613775
1332817616.613782, 1332817616.613795
1332817616.613795, 1332817616.613807
1332817616.613807, 1332817616.613820
1332817616.613826, 1332817616.613839
1332817616.613839, 1332817616.613851
1332817616.613852, 1332817616.613864
1332817616.613871, 1332817616.613888
1332817616.613888, 1332817616.613900
1332817616.613900, 1332817616.613913
1332817616.613920, 1332817616.613932
1332817616.613933, 1332817616.613945
1332817616.613952, 1332817616.613964
1332817616.613964, 1332817616.613977
1332817616.613983, 1332817616.613996
1332817616.613996, 1332817616.614009
1332817616.614015, 1332817616.614028
1332817616.614028, 1332817616.614040
1332817616.614047, 1332817616.614060
1332817616.614081, 1332817616.614093
1332817616.614093, 1332817616.614106
1332817616.614106, 1332817616.614118
1332817616.614125, 1332817616.614138
1332817616.614138, 1332817616.614150
1332817616.614150, 1332817616.614163
1332817616.614163, 1332817616.614176
1332817616.614182, 1332817616.614195
1332817616.614195, 1332817616.614207
1332817616.614207, 1332817616.614220
1332817616.614220, 1332817616.614232
1332817616.614239, 1332817616.614252
1332817616.614252, 1332817616.614264
1332817616.614264, 1332817616.614277
1332817616.614283, 1332817616.614296
1332817616.614296, 1332817616.614308
1332817616.614309, 1332817616.614321
1332817616.614328, 1332817616.614340
1332817616.614340, 1332817616.614353
1332817616.614359, 1332817616.614372
1332817616.614372, 1332817616.614384
1332817616.614395, 1332817616.614408
1332817616.614408, 1332817616.614420
1332817616.614427, 1332817616.614440
1332817616.614446, 1332817616.614459
1332817616.614465, 1332817616.614478
1332817616.614484, 1332817616.614497
1332817616.614520, 1332817616.614533
1332817616.614533, 1332817616.614545
1332817616.614545, 1332817616.614558
1332817616.614558, 1332817616.614570
1332817616.614592, 1332817616.614605
1332817616.614605, 1332817616.614618
1332817616.614618, 1332817616.614630
1332817616.614630, 1332817616.614643
1332817616.614649, 1332817616.614662
1332817616.614662, 1332817616.614674
1332817616.614674, 1332817616.614687
1332817616.614687, 1332817616.614699
1332817616.614699, 1332817616.614712
1332817616.614712, 1332817616.614724
1332817616.614731, 1332817616.614744
1332817616.614744, 1332817616.614756
1332817616.614756, 1332817616.614769
1332817616.614769, 1332817616.614781
1332817616.614781, 1332817616.614794
1332817616.614800, 1332817616.614813
1332817616.614813, 1332817616.614825
1332817616.614825, 1332817616.614838
1332817616.614838, 1332817616.614850
1332817616.614851, 1332817616.614863
1332817616.614870, 1332817616.614882
1332817616.614882, 1332817616.614895
1332817616.614895, 1332817616.614907
1332817616.614914, 1332817616.614926
1332817616.614926, 1332817616.614939
1332817616.614939, 1332817616.614951
1332817616.614958, 1332817616.614970
1332817616.614970, 1332817616.614983
1332817616.614983, 1332817616.614995
1332817616.615002, 1332817616.615014
1332817616.615015, 1332817616.615027
1332817616.615034, 1332817616.615046
1332817616.615046, 1332817616.615059
1332817616.615059, 1332817616.615071
1332817616.615078, 1332817616.615090
1332817616.615090, 1332817616.615103
1332817616.615110, 1332817616.615122
1332817616.615122, 1332817616.615134
1332817616.615141, 1332817616.615154
1332817616.615154, 1332817616.615166
1332817616.615187, 1332817616.615200
1332817616.615200, 1332817616.615212
1332817616.615212, 1332817616.615225
1332817616.615225, 1332817616.615237
1332817616.615244, 1332817616.615257
1332817616.615257, 1332817616.615269
1332817616.615269, 1332817616.615282
1332817616.615282, 1332817616.615294
1332817616.615294, 1332817616.615307
1332817616.615307, 1332817616.615319
1332817616.615326, 1332817616.615338
1332817616.615338, 1332817616.615351
1332817616.615351, 1332817616.615363
1332817616.615364, 1332817616.615376
1332817616.615376, 1332817616.615389
1332817616.615389, 1332817616.615401
1332817616.615401, 1332817616.615414
1332817616.615414, 1332817616.615426
1332817616.615426, 1332817616.615439
1332817616.615439, 1332817616.615451
1332817616.615451, 1332817616.615464
1332817616.615464, 1332817616.615476
1332817616.615483, 1332817616.615495
1332817616.615496, 1332817616.615508
1332817616.615508, 1332817616.615521
1332817616.615521, 1332817616.615533
1332817616.615533, 1332817616.615549
1332817616.615556, 1332817616.615568
1332817616.615569, 1332817616.615581
1332817616.615581, 1332817616.615593
1332817616.615600, 1332817616.615613
1332817616.615613, 1332817616.615625
1332817616.615625, 1332817616.615638
1332817616.615644, 1332817616.615657
1332817616.615657, 1332817616.615670
1332817616.615670, 1332817616.615682
1332817616.615689, 1332817616.615701
1332817616.615701, 1332817616.615714
1332817616.615720, 1332817616.615733
1332817616.615733, 1332817616.615745
1332817616.615752, 1332817616.615765
1332817616.615765, 1332817616.615777
1332817616.615784, 1332817616.615796
1332817616.615796, 1332817616.615809
1332817616.615816, 1332817616.615828
1332817616.615828, 1332817616.615840
1332817616.615863, 1332817616.615876
1332817616.615876, 1332817616.615889
1332817616.615889, 1332817616.615901
1332817616.615901, 1332817616.615914
1332817616.615921, 1332817616.615933
1332817616.615933, 1332817616.615945
1332817616.615946, 1332817616.615958
1332817616.615958, 1332817616.615971
1332817616.615971, 1332817616.615983
1332817616.615983, 1332817616.615996
1332817616.616002, 1332817616.616015
1332817616.616015, 1332817616.616027
1332817616.616034, 1332817616.616047
1332817616.616047, 1332817616.616059
1332817616.616059, 1332817616.616072
1332817616.616072, 1332817616.616084
1332817616.616084, 1332817616.616097
1332817616.616104, 1332817616.616116
1332817616.616116, 1332817616.616129
1332817616.616129, 1332817616.616141
1332817616.616141, 1332817616.616154
1332817616.616161, 1332817616.616173
1332817616.616180, 1332817616.616192
1332817616.616192, 1332817616.616205
1332817616.616205, 1332817616.616217
1332817616.616224, 1332817616.616237
1332817616.616237, 1332817616.616249
1332817616.616249, 1332817616.616262
1332817616.616269, 1332817616.616281
1332817616.616288, 1332817616.616300
1332817616.616300, 1332817616.616313
1332817616.616320, 1332817616.616332
1332817616.616332, 1332817616.616345
1332817616.616351, 1332817616.616364
1332817616.616391, 1332817616.616404
1332817616.616404, 1332817616.616416
1332817616.616416, 1332817616.616429
1332817616.616429, 1332817616.616441
1332817616.616441, 1332817616.616454
1332817616.616454, 1332817616.616466
1332817616.616473, 1332817616.616486
1332817616.616486, 1332817616.616498
1332817616.616498, 1332817616.616511
1332817616.616511, 1332817616.616523
1332817616.616523, 1332817616.616536
1332817616.616536, 1332817616.616548
1332817616.616555, 1332817616.616568
1332817616.616568, 1332817616.616580
1332817616.616587, 1332817616.616599
1332817616.616599, 1332817616.616612
1332817616.616612, 1332817616.616624
1332817616.616624, 1332817616.616637
1332817616.616644, 1332817616.616656
1332817616.616656, 1332817616.616669
1332817616.616669, 1332817616.616681
1332817616.616681, 1332817616.616698
1332817616.616709, 1332817616.616722
1332817616.616729, 1332817616.616741
1332817616.616742, 1332817616.616754
1332817616.616754, 1332817616.616766
1332817616.616773, 1332817616.616786
1332817616.616786, 1332817616.616798
1332817616.616805, 1332817616.616818
1332817616.616824, 1332817616.616837
1332817616.616837, 1332817616.616849
1332817616.616856, 1332817616.616868
1332817616.616869, 1332817616.616881
1332817616.616888, 1332817616.616900
1332817616.616928, 1332817616.616940
1332817616.616940, 1332817616.616953
1332817616.616953, 1332817616.616965
1332817616.616965, 1332817616.616978
1332817616.616985, 1332817616.616997
1332817616.616997, 1332817616.617010
1332817616.617010, 1332817616.617022
1332817616.617022, 1332817616.617035
1332817616.617035, 1332817616.617047
1332817616.617054, 1332817616.617066
1332817616.617067, 1332817616.617079
1332817616.617086, 1332817616.617098
1332817616.617098, 1332817616.617111
1332817616.617111, 1332817616.617123
1332817616.617130, 1332817616.617142
1332817616.617142, 1332817616.617155
1332817616.617155, 1332817616.617167
1332817616.617174, 1332817616.617187
1332817616.617193, 1332817616.617206
1332817616.617206, 1332817616.617218
1332817616.617225, 1332817616.617237
1332817616.617238, 1332817616.617250
1332817616.617257, 1332817616.617269
1332817616.617276, 1332817616.617288
1332817616.617288, 1332817616.617301
1332817616.617307, 1332817616.617320
1332817616.617327, 1332817616.617339
1332817616.617362, 1332817616.617376
1332817616.617376, 1332817616.617390
1332817616.617390, 1332817616.617404
1332817616.617404, 1332817616.617418
1332817616.617418, 1332817616.617432
1332817616.617432, 1332817616.617445
1332817616.617445, 1332817616.617459
1332817616.617459, 1332817616.617473
1332817616.617473, 1332817616.617487
1332817616.617487, 1332817616.617501
1332817616.617501, 1332817616.617515
1332817616.617515, 1332817616.617529
1332817616.617537, 1332817616.617549
1332817616.617549, 1332817616.617562
1332817616.617568, 1332817616.617581
1332817616.617581, 1332817616.617594
1332817616.617594, 1332817616.617606
1332817616.617606, 1332817616.617619
1332817616.617619, 1332817616.617631
1332817616.617631, 1332817616.617644
1332817616.617650, 1332817616.617663
1332817616.617663, 1332817616.617675
1332817616.617675, 1332817616.617688
1332817616.617688, 1332817616.617700
1332817616.617700, 1332817616.617713
1332817616.617720, 1332817616.617732
1332817616.617739, 1332817616.617751
1332817616.617751, 1332817616.617764
1332817616.617764, 1332817616.617776
1332817616.617783, 1332817616.617795
1332817616.617795, 1332817616.617808
1332817616.617808, 1332817616.617820
1332817616.617827, 1332817616.617845
1332817616.617852, 1332817616.617864
1332817616.617865, 1332817616.617877
1332817616.617884, 1332817616.617896
1332817616.617896, 1332817616.617909
1332817616.617915, 1332817616.617928
1332817616.617935, 1332817616.617947
1332817616.617947, 1332817616.617960
1332817616.617981, 1332817616.617993
1332817616.617993, 1332817616.618006
1332817616.618006, 1332817616.618019
1332817616.618019, 1332817616.618031
1332817616.618031, 1332817616.618044
1332817616.618044, 1332817616.618056
1332817616.618056, 1332817616.618069
1332817616.618069, 1332817616.618082
1332817616.618082, 1332817616.618094
1332817616.618094, 1332817616.618107
1332817616.618107, 1332817616.618119
1332817616.618120, 1332817616.618132
1332817616.618132, 1332817616.618145
1332817616.618151, 1332817616.618164
1332817616.618164, 1332817616.618179
1332817616.618179, 1332817616.618192
1332817616.618199, 1332817616.618211
1332817616.618211, 1332817616.618224
1332817616.618224, 1332817616.618236
1332817616.618237, 1332817616.618249
1332817616.618256, 1332817616.618268
1332817616.618268, 1332817616.618281
1332817616.618281, 1332817616.618294
1332817616.618294, 1332817616.618306
1332817616.618313, 1332817616.618325
1332817616.618329, 1332817616.618342
1332817616.618342, 1332817616.618355
1332817616.618361, 1332817616.618374
1332817616.618374, 1332817616.618387
1332817616.618393, 1332817616.618406
1332817616.618406, 1332817616.618418
1332817616.618425, 1332817616.618438
1332817616.618438, 1332817616.618450
1332817616.618457, 1332817616.618469
1332817616.618469, 1332817616.618482
1332817616.618489, 1332817616.618501
1332817616.618508, 1332817616.618520
1332817616.618527, 1332817616.618540
1332817616.618567, 1332817616.618580
1332817616.618580, 1332817616.618592
1332817616.618592, 1332817616.618605
1332817616.618605, 1332817616.618617
1332817616.618617, 1332817616.618630
1332817616.618630, 1332817616.618643
1332817616.618649, 1332817616.618662
1332817616.618662, 1332817616.618675
1332817616.618675, 1332817616.618687
1332817616.618687, 1332817616.618700
1332817616.618700, 1332817616.618712
1332817616.618713, 1332817616.618725
1332817616.618732, 1332817616.618744
1332817616.618744, 1332817616.618757
1332817616.618757, 1332817616.618770
1332817616.618770, 1332817616.618782
1332817616.618789, 1332817616.618802
1332817616.618802, 1332817616.618814
1332817616.618814, 1332817616.618827
1332817616.618827, 1332817616.618839
1332817616.618846, 1332817616.618859
1332817616.618859, 1332817616.618871
1332817616.618871, 1332817616.618884
1332817616.618891, 1332817616.618903
1332817616.618903, 1332817616.618916
1332817616.618916, 1332817616.618929
1332817616.618935, 1332817616.618948
1332817616.618948, 1332817616.618961
1332817616.618961, 1332817616.619111
1332817616.619120, 1332817616.619133
1332817616.619133, 1332817616.619146
1332817616.619152, 1332817616.619165
1332817616.619165, 1332817616.619178
1332817616.619185, 1332817616.619197
1332817616.619197, 1332817616.619210
1332817616.619217, 1332817616.619229
1332817616.619229, 1332817616.619242
1332817616.619249, 1332817616.619261
1332817616.619283, 1332817616.619295
1332817616.619295, 1332817616.619308
1332817616.619308, 1332817616.619320
1332817616.619320, 1332817616.619333
1332817616.619333, 1332817616.619345
1332817616.619345, 1332817616.619358
1332817616.619358, 1332817616.619409
1332817616.619409, 1332817616.619422
1332817616.619422, 1332817616.619435
1332817616.619435, 1332817616.619448
1332817616.619448, 1332817616.619460
1332817616.619460, 1332817616.619473
1332817616.619473, 1332817616.619485
1332817616.619486, 1332817616.619498
1332817616.619498, 1332817616.619511
1332817616.619519, 1332817616.619543
1332817616.619543, 1332817616.619556
1332817616.619556, 1332817616.619568
1332817616.619568, 1332817616.619581
1332817616.619589, 1332817616.619601
1332817616.619601, 1332817616.619614
1332817616.619614, 1332817616.619627
1332817616.619627, 1332817616.619639
1332817616.619646, 1332817616.619658
1332817616.619658, 1332817616.619671
1332817616.619671, 1332817616.619684
1332817616.619684, 1332817616.619696
1332817616.619696, 1332817616.619709
1332817616.619709, 1332817616.619721
1332817616.619721, 1332817616.619734
1332817616.619734, 1332817616.619746
1332817616.619746, 1332817616.619759
1332817616.619759, 1332817616.619771
1332817616.619778, 1332817616.619791
1332817616.619791, 1332817616.619803
1332817616.619803, 1332817616.619816
1332817616.619823, 1332817616.619835
1332817616.619835, 1332817616.619848
1332817616.619848, 1332817616.619860
1332817616.619867, 1332817616.619880
1332817616.619880, 1332817616.619892
1332817616.619892, 1332817616.619905
1332817616.619912, 1332817616.619924
1332817616.619924, 1332817616.619937
1332817616.619943, 1332817616.619956
1332817616.619956, 1332817616.619968
1332817616.619975, 1332817616.619988
1332817616.619988, 1332817616.620000
1332817616.620007, 1332817616.620020
1332817616.620026, 1332817616.620039
1332817616.620046, 1332817616.620058
1332817616.620058, 1332817616.620071
1332817616.620071, 1332817616.620083
1332817616.620084, 1332817616.620096
1332817616.620107, 1332817616.620120
1332817616.620120, 1332817616.620132
1332817616.620132, 1332817616.620145
1332817616.620145, 1332817616.620157
1332817616.620166, 1332817616.620178
1332817616.620179, 1332817616.620191
1332817616.620191, 1332817616.620203
1332817616.620204, 1332817616.620216
1332817616.620223, 1332817616.620235
1332817616.620235, 1332817616.620248
1332817616.620256, 1332817616.620269
1332817616.620269, 1332817616.620281
1332817616.620281, 1332817616.620294
1332817616.620302, 1332817616.620315
1332817616.620315, 1332817616.620327
1332817616.620336, 1332817616.620348
1332817616.620348, 1332817616.620361
1332817616.620374, 1332817616.620387
1332817616.620387, 1332817616.620400
1332817616.620400, 1332817616.620412
1332817616.620412, 1332817616.620425
1332817616.620432, 1332817616.620444
1332817616.620444, 1332817616.620456
1332817616.620457, 1332817616.620469
1332817616.620477, 1332817616.620490
1332817616.620490, 1332817616.620502
1332817616.620503, 1332817616.620515
1332817616.620523, 1332817616.620536
1332817616.620536, 1332817616.620548
1332817616.620555, 1332817616.620567
1332817616.620567, 1332817616.620580
1332817616.620580, 1332817616.620593
1332817616.620593, 1332817616.620605
1332817616.620606, 1332817616.620618
1332817616.620618, 1332817616.620631
1332817616.620650, 1332817616.620663
1332817616.620663, 1332817616.620675
1332817616.620675, 1332817616.620688
1332817616.620710, 1332817616.620723
1332817616.620723, 1332817616.620735
1332817616.620735, 1332817616.620748
1332817616.620748, 1332817616.620760
1332817616.620760, 1332817616.620773
1332817616.620780, 1332817616.620792
1332817616.620792, 1332817616.620805
1332817616.620805, 1332817616.620818
1332817616.620818, 1332817616.620830
1332817616.620830, 1332817616.620843
1332817616.620849, 1332817616.620862
1332817616.620862, 1332817616.620874
1332817616.620881, 1332817616.620894
1332817616.620894, 1332817616.620906
1332817616.620906, 1332817616.620919
1332817616.620926, 1332817616.620938
1332817616.620938, 1332817616.620951
1332817616.620951, 1332817616.620963
1332817616.620963, 1332817616.620976
1332817616.620983, 1332817616.620995
1332817616.621002, 1332817616.621014
1332817616.621015, 1332817616.621027
1332817616.621027, 1332817616.621040
1332817616.621046, 1332817616.621059
1332817616.621059, 1332817616.621071
1332817616.621078, 1332817616.621091
1332817616.621097, 1332817616.621110
1332817616.621110, 1332817616.621122
1332817616.621129, 1332817616.621142
1332817616.621142, 1332817616.621154
1332817616.621161, 1332817616.621173
1332817616.621194, 1332817616.621207
1332817616.621207, 1332817616.621219
1332817616.621220, 1332817616.621232
1332817616.621239, 1332817616.621251
1332817616.621251, 1332817616.621264
1332817616.621264, 1332817616.621277
1332817616.621277, 1332817616.621289
1332817616.621289, 1332817616.621302
1332817616.621309, 1332817616.621321
1332817616.621321, 1332817616.621334
1332817616.621334, 1332817616.621346
1332817616.621346, 1332817616.621359
1332817616.621359, 1332817616.621371
1332817616.621378, 1332817616.621390
1332817616.621391, 1332817616.621403
1332817616.621403, 1332817616.621416
1332817616.621422, 1332817616.621435
1332817616.621435, 1332817616.621448
1332817616.621448, 1332817616.621460
1332817616.621467, 1332817616.621479
1332817616.621479, 1332817616.621492
1332817616.621498, 1332817616.621511
1332817616.621511, 1332817616.621524
1332817616.621530, 1332817616.621543
1332817616.621543, 1332817616.621555
1332817616.621562, 1332817616.621575
1332817616.621581, 1332817616.621594
1332817616.621600, 1332817616.621613
1332817616.621619, 1332817616.621632
1332817616.621649, 1332817616.621661
1332817616.621661, 1332817616.621674
1332817616.621674, 1332817616.621686
1332817616.621708, 1332817616.621721
1332817616.621721, 1332817616.621733
1332817616.621733, 1332817616.621746
1332817616.621746, 1332817616.621758
1332817616.621758, 1332817616.621771
1332817616.621778, 1332817616.621790
1332817616.621790, 1332817616.621803
1332817616.621803, 1332817616.621815
1332817616.621815, 1332817616.621828
1332817616.621828, 1332817616.621840
1332817616.621840, 1332817616.621853
1332817616.621860, 1332817616.621872
1332817616.621872, 1332817616.621884
1332817616.621891, 1332817616.621904
1332817616.621904, 1332817616.621916
1332817616.621916, 1332817616.621929
1332817616.621929, 1332817616.621941
1332817616.621948, 1332817616.621965
1332817616.621965, 1332817616.621978
1332817616.621978, 1332817616.621990
1332817616.621997, 1332817616.622010
1332817616.622017, 1332817616.622029
1332817616.622029, 1332817616.622042
1332817616.622042, 1332817616.622054
1332817616.622061, 1332817616.622073
1332817616.622073, 1332817616.622086
1332817616.622093, 1332817616.622105
1332817616.622112, 1332817616.622124
1332817616.622124, 1332817616.622137
1332817616.622144, 1332817616.622156
1332817616.622156, 1332817616.622169
1332817616.622175, 1332817616.622188
1332817616.622209, 1332817616.622221
1332817616.622221, 1332817616.622234
1332817616.622234, 1332817616.622246
1332817616.622246, 1332817616.622259
1332817616.622266, 1332817616.622278
1332817616.622278, 1332817616.622291
1332817616.622291, 1332817616.622303
1332817616.622303, 1332817616.622316
1332817616.622316, 1332817616.622328
1332817616.622328, 1332817616.622341
1332817616.622348, 1332817616.622360
1332817616.622360, 1332817616.622373
1332817616.622373, 1332817616.622385
1332817616.622385, 1332817616.622398
1332817616.622398, 1332817616.622410
1332817616.622410, 1332817616.622423
1332817616.622423, 1332817616.622435
1332817616.622435, 1332817616.622448
1332817616.622452, 1332817616.622464
1332817616.622464, 1332817616.622477
1332817616.622477, 1332817616.622489
1332817616.622489, 1332817616.622502
1332817616.622502, 1332817616.622514
1332817616.622514, 1332817616.622527
1332817616.622534, 1332817616.622546
1332817616.622546, 1332817616.622559
1332817616.622559, 1332817616.622571
1332817616.622571, 1332817616.622584
1332817616.622591, 1332817616.622603
1332817616.622603, 1332817616.622616
1332817616.622616, 1332817616.622628
1332817616.622635, 1332817616.622647
1332817616.622647, 1332817616.622660
1332817616.622660, 1332817616.622672
1332817616.622672, 1332817616.622685
1332817616.622685, 1332817616.622697
1332817616.622704, 1332817616.622717
1332817616.622717, 1332817616.622729
1332817616.622729, 1332817616.622742
1332817616.622748, 1332817616.622761
1332817616.622761, 1332817616.622773
1332817616.622780, 1332817616.622793
1332817616.622793, 1332817616.622805
1332817616.622812, 1332817616.622825
1332817616.622825, 1332817616.622837
1332817616.622844, 1332817616.622856
1332817616.622863, 1332817616.622876
1332817616.622893, 1332817616.622905
1332817616.622906, 1332817616.622918
1332817616.622918, 1332817616.622931
1332817616.622931, 1332817616.622943
1332817616.622971, 1332817616.622985
1332817616.622985, 1332817616.622998
1332817616.622998, 1332817616.623012
1332817616.623012, 1332817616.623025
1332817616.623025, 1332817616.623039
1332817616.623046, 1332817616.623059
1332817616.623059, 1332817616.623073
1332817616.623073, 1332817616.623086
1332817616.623086, 1332817616.623100
1332817616.623100, 1332817616.623113
1332817616.623120, 1332817616.623134
1332817616.623134, 1332817616.623147
1332817616.623147, 1332817616.623161
1332817616.623161, 1332817616.623174
1332817616.623181, 1332817616.623194
1332817616.623194, 1332817616.623208
1332817616.623208, 1332817616.623222
1332817616.623228, 1332817616.623242
1332817616.623242, 1332817616.623255
1332817616.623255, 1332817616.623269
1332817616.623276, 1332817616.623289
1332817616.623289, 1332817616.623303
1332817616.623309, 1332817616.623323
1332817616.623323, 1332817616.623336
1332817616.623343, 1332817616.623356
1332817616.623356, 1332817616.623370
1332817616.623377, 1332817616.623390
1332817616.623397, 1332817616.623410
1332817616.623410, 1332817616.623424
1332817616.623430, 1332817616.623444
1332817616.623451, 1332817616.623464
1332817616.623485, 1332817616.623498
1332817616.623498, 1332817616.623512
1332817616.623512, 1332817616.623525
1332817616.623532, 1332817616.623546
1332817616.623546, 1332817616.623559
1332817616.623559, 1332817616.623573
1332817616.623573, 1332817616.623586
1332817616.623586, 1332817616.623600
1332817616.623607, 1332817616.623620
1332817616.623620, 1332817616.623634
1332817616.623640, 1332817616.623654
1332817616.623654, 1332817616.623667
1332817616.623667, 1332817616.623681
1332817616.623688, 1332817616.623701
1332817616.623701, 1332817616.623715
1332817616.623715, 1332817616.623728
1332817616.623735, 1332817616.623748
1332817616.623755, 1332817616.623769
1332817616.623769, 1332817616.623782
1332817616.623789, 1332817616.623802
1332817616.623809, 1332817616.623822
1332817616.623829, 1332817616.623843
1332817616.623849, 1332817616.623863
1332817616.623869, 1332817616.623883
1332817616.623929, 1332817616.623941
1332817616.623941, 1332817616.623954
1332817616.623963, 1332817616.623975
1332817616.623975, 1332817616.623988
1332817616.623996, 1332817616.624009
1332817616.624009, 1332817616.624021
1332817616.624030, 1332817616.624042
1332817616.624042, 1332817616.624054
1332817616.624068, 1332817616.624080
1332817616.624081, 1332817616.624093
1332817616.624093, 1332817616.624106
1332817616.624114, 1332817616.624126
1332817616.624135, 1332817616.624147
1332817616.624147, 1332817616.624160
1332817616.624175, 1332817616.624187
1332817616.624187, 1332817616.624200
1332817616.624208, 1332817616.624221
1332817616.624221, 1332817616.624233
1332817616.624242, 1332817616.624254
1332817616.624254, 1332817616.624267
1332817616.624275, 1332817616.624287
1332817616.624287, 1332817616.624300
1332817616.624313, 1332817616.624326
1332817616.624326, 1332817616.624338
1332817616.624346, 1332817616.624359
1332817616.624367, 1332817616.624380
1332817616.624395, 1332817616.624407
1332817616.624407, 1332817616.624420
1332817616.624428, 1332817616.624441
1332817616.624441, 1332817616.624453
1332817616.624461, 1332817616.624474
1332817616.624474, 1332817616.624486
1332817616.624495, 1332817616.624507
1332817616.624507, 1332817616.624519
1332817616.624533, 1332817616.624546
1332817616.624546, 1332817616.624558
1332817616.624566, 1332817616.624579
1332817616.624587, 1332817616.624600
1332817616.624614, 1332817616.624627
1332817616.624635, 1332817616.624647
1332817616.624655, 1332817616.624668
1332817616.624676, 1332817616.624689
1332817616.624702, 1332817616.624715
1332817616.624723, 1332817616.624736
1332817616.624744, 1332817616.624757
1332817616.624771, 1332817616.624784
1332817616.624792, 1332817616.624805
1332817616.624813, 1332817616.624825
1332817616.624833, 1332817616.624846
1332817616.624860, 1332817616.624872
1332817616.624880, 1332817616.624893
1332817616.624901, 1332817616.624914
1332817616.624929, 1332817616.624941
1332817616.624950, 1332817616.624962
1332817616.624970, 1332817616.624983
1332817616.624991, 1332817616.625003
1332817616.625017, 1332817616.625029
1332817616.625038, 1332817616.625050
1332817616.625058, 1332817616.625071
1332817616.625085, 1332817616.625098
1332817616.625106, 1332817616.625119
1332817616.625127, 1332817616.625139
1332817616.625147, 1332817616.625160
1332817616.625173, 1332817616.625186
1332817616.625194, 1332817616.625206
1332817616.625215, 1332817616.625227
1332817616.625242, 1332817616.625254
1332817616.625263, 1332817616.625275
1332817616.625283, 1332817616.625296
1332817616.625304, 1332817616.625316
1332817616.625330, 1332817616.625342
1332817616.625350, 1332817616.625363
1332817616.625371, 1332817616.625384
1332817616.625398, 1332817616.625411
1332817616.625419, 1332817616.625432
1332817616.625440, 1332817616.625453
1332817616.625461, 1332817616.625473
1332817616.625487, 1332817616.625499
1332817616.625507, 1332817616.625520
1332817616.625528, 1332817616.625541
1332817616.625556, 1332817616.625568
1332817616.625576, 1332817616.625589
1332817616.625597, 1332817616.625610
1332817616.625618, 1332817616.625630
1332817616.625644, 1332817616.625656
1332817616.625664, 1332817616.625677
1332817616.625685, 1332817616.625698
1332817616.625712, 1332817616.625725
1332817616.625733, 1332817616.625746
1332817616.625754, 1332817616.625767
1332817616.625775, 1332817616.625787
1332817616.625801, 1332817616.625813
1332817616.625821, 1332817616.625834
1332817616.625842, 1332817616.625855
1332817616.625869, 1332817616.625882
1332817616.625890, 1332817616.625903
1332817616.625911, 1332817616.625923
1332817616.625932, 1332817616.625944
1332817616.625957, 1332817616.625970
1332817616.625978, 1332817616.625991
1332817616.625999, 1332817616.626011
1332817616.626026, 1332817616.626038
1332817616.626047, 1332817616.626059
1332817616.626067, 1332817616.626080
1332817616.626088, 1332817616.626100
1332817616.626114, 1332817616.626126
1332817616.626134, 1332817616.626147
1332817616.626155, 1332817616.626168
1332817616.626187, 1332817616.626199
1332817616.626208, 1332817616.626221
1332817616.626229, 1332817616.626241
1332817616.626249, 1332817616.626262
1332817616.626279, 1332817616.626292
1332817616.626300, 1332817616.626313
1332817616.626321, 1332817616.626334
1332817616.626348, 1332817616.626361
1332817616.626369, 1332817616.626382
1332817616.626390, 1332817616.626402
1332817616.626411, 1332817616.626423
1332817616.626437, 1332817616.626449
1332817616.626457, 1332817616.626470
1332817616.626478, 1332817616.626491
1332817616.626505, 1332817616.626518
1332817616.626526, 1332817616.626539
1332817616.626547, 1332817616.626560
1332817616.626568, 1332817616.626580
1332817616.626593, 1332817616.626608
1332817616.626616, 1332817616.626629
1332817616.626637, 1332817616.626649
1332817616.626703, 1332817616.626716
1332817616.626741, 1332817616.626753
1332817616.626777, 1332817616.626790
1332817616.626813, 1332817616.626826
1332817616.626850, 1332817616.626863
1332817616.626886, 1332817616.626899
1332817616.626923, 1332817616.626941
