1332817616.609780, 1332817616.609874
1332817616.609878, 1332817616.609974
1332817616.609974, 1332817616.610031
1332817616.610031, 1332817616.610063
1332817616.610063, 1332817616.610107
1332817616.610107, 1332817616.610138
1332817616.610139, 1332817616.610170
1332817616.610170, 1332817616.610202
1332817616.610202, 1332817616.610233
1332817616.610233, 1332817616.610252
1332817616.610252, 1332817616.610271
1332817616.610272, 1332817616.610291
1332817616.610291, 1332817616.610384
1332817616.610384, 1332817616.610442
1332817616.610442, 1332817616.610499
1332817616.610499, 1332817616.610543
1332817616.610543, 1332817616.610587
1332817616.610588, 1332817616.610632
1332817616.610632, 1332817616.610664
1332817616.610664, 1332817616.610695
1332817616.610695, 1332817616.610727
1332817616.610727, 1332817616.610759
1332817616.610759, 1332817616.610778
1332817616.610778, 1332817616.610797
1332817616.610822, 1332817616.610892
1332817616.610892, 1332817616.610961
1332817616.610961, 1332817616.611031
1332817616.611031, 1332817616.611075
1332817616.611075, 1332817616.611120
1332817616.611120, 1332817616.611164
1332817616.611164, 1332817616.611209
1332817616.611209, 1332817616.611240
1332817616.611240, 1332817616.611272
1332817616.611272, 1332817616.611304
1332817616.611304, 1332817616.611336
1332817616.611336, 1332817616.611355
1332817616.611369, 1332817616.611420
1332817616.611420, 1332817616.611477
1332817616.611477, 1332817616.611534
1332817616.611534, 1332817616.611578
1332817616.611578, 1332817616.611622
1332817616.611622, 1332817616.611654
1332817616.611654, 1332817616.611686
1332817616.611686, 1332817616.611717
1332817616.611717, 1332817616.611736
1332817616.611736, 1332817616.611755
1332817616.611756, 1332817616.611775
1332817616.611775, 1332817616.611794
1332817616.611808, 1332817616.611865
1332817616.611865, 1332817616.611925
1332817616.611925, 1332817616.611982
1332817616.611982, 1332817616.612026
1332817616.612026, 1332817616.612070
1332817616.612071, 1332817616.612102
1332817616.612102, 1332817616.612134
1332817616.612134, 1332817616.612165
1332817616.612165, 1332817616.612197
1332817616.612197, 1332817616.612228
1332817616.612229, 1332817616.612248
1332817616.612248, 1332817616.612275
1332817616.612293, 1332817616.612339
1332817616.612339, 1332817616.612396
1332817616.612396, 1332817616.612453
1332817616.612453, 1332817616.612497
1332817616.612497, 1332817616.612546
1332817616.612549, 1332817616.612581
1332817616.612581, 1332817616.612613
1332817616.612613, 1332817616.612645
1332817616.612645, 1332817616.612676
1332817616.612676, 1332817616.612708
1332817616.612708, 1332817616.612727
1332817616.612727, 1332817616.612747
1332817616.612747, 1332817616.612855
1332817616.612855, 1332817616.612953
1332817616.612953, 1332817616.613064
1332817616.613064, 1332817616.613162
1332817616.613162, 1332817616.613247
1332817616.613247, 1332817616.613312
1332817616.613312, 1332817616.613386
1332817616.613386, 1332817616.613426
1332817616.613444, 1332817616.613579
1332817616.613579, 1332817616.613649
1332817616.613649, 1332817616.613731
1332817616.613731, 1332817616.613776
1332817616.613776, 1332817616.613820
1332817616.613820, 1332817616.613864
1332817616.613864, 1332817616.613913
1332817616.613913, 1332817616.613945
1332817616.613945, 1332817616.613977
1332817616.613977, 1332817616.614009
1332817616.614009, 1332817616.614041
1332817616.614041, 1332817616.614060
1332817616.614074, 1332817616.614118
1332817616.614119, 1332817616.614176
1332817616.614176, 1332817616.614232
1332817616.614233, 1332817616.614277
1332817616.614277, 1332817616.614321
1332817616.614321, 1332817616.614353
1332817616.614353, 1332817616.614388
1332817616.614389, 1332817616.614421
1332817616.614421, 1332817616.614440
1332817616.614440, 1332817616.614459
1332817616.614459, 1332817616.614478
1332817616.614478, 1332817616.614497
1332817616.614514, 1332817616.614643
1332817616.614643, 1332817616.614724
1332817616.614724, 1332817616.614794
1332817616.614794, 1332817616.614863
1332817616.614863, 1332817616.614907
1332817616.614907, 1332817616.614951
1332817616.614951, 1332817616.614996
1332817616.614996, 1332817616.615027
1332817616.615027, 1332817616.615071
1332817616.615071, 1332817616.615103
1332817616.615103, 1332817616.615135
1332817616.615135, 1332817616.615166
1332817616.615181, 1332817616.615238
1332817616.615238, 1332817616.615319
1332817616.615319, 1332817616.615476
1332817616.615476, 1332817616.615549
1332817616.615549, 1332817616.615594
1332817616.615594, 1332817616.615638
1332817616.615638, 1332817616.615682
1332817616.615682, 1332817616.615714
1332817616.615714, 1332817616.615746
1332817616.615746, 1332817616.615777
1332817616.615777, 1332817616.615809
1332817616.615809, 1332817616.615841
1332817616.615857, 1332817616.615914
1332817616.615914, 1332817616.615996
1332817616.615996, 1332817616.616028
1332817616.616028, 1332817616.616097
1332817616.616097, 1332817616.616154
1332817616.616154, 1332817616.616173
1332817616.616173, 1332817616.616217
1332817616.616218, 1332817616.616262
1332817616.616262, 1332817616.616281
1332817616.616281, 1332817616.616313
1332817616.616313, 1332817616.616345
1332817616.616345, 1332817616.616364
1332817616.616378, 1332817616.616467
1332817616.616467, 1332817616.616549
1332817616.616549, 1332817616.616580
1332817616.616580, 1332817616.616637
1332817616.616637, 1332817616.616698
1332817616.616698, 1332817616.616722
1332817616.616722, 1332817616.616767
1332817616.616767, 1332817616.616799
1332817616.616799, 1332817616.616818
1332817616.616818, 1332817616.616849
1332817616.616850, 1332817616.616881
1332817616.616881, 1332817616.616900
1332817616.616914, 1332817616.616978
1332817616.616978, 1332817616.617047
1332817616.617047, 1332817616.617079
1332817616.617079, 1332817616.617123
1332817616.617123, 1332817616.617168
1332817616.617168, 1332817616.617187
1332817616.617187, 1332817616.617218
1332817616.617218, 1332817616.617250
1332817616.617250, 1332817616.617269
1332817616.617269, 1332817616.617301
1332817616.617301, 1332817616.617320
1332817616.617320, 1332817616.617339
1332817616.617353, 1332817616.617530
1332817616.617530, 1332817616.617562
1332817616.617562, 1332817616.617644
1332817616.617644, 1332817616.617713
1332817616.617713, 1332817616.617732
1332817616.617732, 1332817616.617776
1332817616.617776, 1332817616.617820
1332817616.617821, 1332817616.617845
1332817616.617845, 1332817616.617877
1332817616.617877, 1332817616.617909
1332817616.617909, 1332817616.617928
1332817616.617928, 1332817616.617960
1332817616.617974, 1332817616.618145
1332817616.618145, 1332817616.618192
1332817616.618192, 1332817616.618249
1332817616.618249, 1332817616.618306
1332817616.618306, 1332817616.618355
1332817616.618355, 1332817616.618387
1332817616.618387, 1332817616.618419
1332817616.618419, 1332817616.618450
1332817616.618450, 1332817616.618482
1332817616.618482, 1332817616.618501
1332817616.618501, 1332817616.618521
1332817616.618521, 1332817616.618540
1332817616.618553, 1332817616.618643
1332817616.618643, 1332817616.618725
1332817616.618725, 1332817616.618782
1332817616.618782, 1332817616.618840
1332817616.618840, 1332817616.618884
1332817616.618884, 1332817616.618929
1332817616.618929, 1332817616.619112
1332817616.619112, 1332817616.619146
1332817616.619146, 1332817616.619178
1332817616.619178, 1332817616.619210
1332817616.619210, 1332817616.619242
1332817616.619242, 1332817616.619261
1332817616.619276, 1332817616.619511
1332817616.619511, 1332817616.619581
1332817616.619581, 1332817616.619639
1332817616.619639, 1332817616.619772
1332817616.619772, 1332817616.619816
1332817616.619816, 1332817616.619860
1332817616.619860, 1332817616.619905
1332817616.619905, 1332817616.619937
1332817616.619937, 1332817616.619969
1332817616.619969, 1332817616.620001
1332817616.620001, 1332817616.620020
1332817616.620020, 1332817616.620039
1332817616.620039, 1332817616.620216
1332817616.620216, 1332817616.620361
1332817616.620361, 1332817616.620425
1332817616.620425, 1332817616.620548
1332817616.620548, 1332817616.620580
1332817616.620580, 1332817616.620593
1332817616.620593, 1332817616.620606
1332817616.620606, 1332817616.620618
1332817616.620618, 1332817616.620631
1332817616.620650, 1332817616.620773
1332817616.620773, 1332817616.620843
1332817616.620843, 1332817616.620875
1332817616.620875, 1332817616.620919
1332817616.620919, 1332817616.620976
1332817616.620976, 1332817616.620995
1332817616.620995, 1332817616.621040
1332817616.621040, 1332817616.621072
1332817616.621072, 1332817616.621091
1332817616.621091, 1332817616.621123
1332817616.621123, 1332817616.621154
1332817616.621154, 1332817616.621174
1332817616.621188, 1332817616.621232
1332817616.621232, 1332817616.621302
1332817616.621302, 1332817616.621371
1332817616.621371, 1332817616.621416
1332817616.621416, 1332817616.621460
1332817616.621460, 1332817616.621492
1332817616.621492, 1332817616.621524
1332817616.621524, 1332817616.621555
1332817616.621556, 1332817616.621575
1332817616.621575, 1332817616.621594
1332817616.621594, 1332817616.621613
1332817616.621613, 1332817616.621632
1332817616.621649, 1332817616.621771
1332817616.621771, 1332817616.621853
1332817616.621853, 1332817616.621885
1332817616.621885, 1332817616.621942
1332817616.621942, 1332817616.621991
1332817616.621991, 1332817616.622010
1332817616.622010, 1332817616.622054
1332817616.622055, 1332817616.622086
1332817616.622086, 1332817616.622105
1332817616.622105, 1332817616.622137
1332817616.622137, 1332817616.622169
1332817616.622169, 1332817616.622188
1332817616.622202, 1332817616.622259
1332817616.622259, 1332817616.622341
1332817616.622341, 1332817616.622527
1332817616.622527, 1332817616.622584
1332817616.622584, 1332817616.622628
1332817616.622628, 1332817616.622697
1332817616.622698, 1332817616.622742
1332817616.622742, 1332817616.622774
1332817616.622774, 1332817616.622806
1332817616.622806, 1332817616.622837
1332817616.622837, 1332817616.622856
1332817616.622856, 1332817616.622876
1332817616.622893, 1332817616.622943
1332817616.622957, 1332817616.623039
1332817616.623039, 1332817616.623114
1332817616.623114, 1332817616.623174
1332817616.623174, 1332817616.623222
1332817616.623222, 1332817616.623269
1332817616.623269, 1332817616.623303
1332817616.623303, 1332817616.623336
1332817616.623336, 1332817616.623370
1332817616.623370, 1332817616.623390
1332817616.623390, 1332817616.623424
1332817616.623424, 1332817616.623444
1332817616.623444, 1332817616.623464
1332817616.623478, 1332817616.623526
1332817616.623526, 1332817616.623600
1332817616.623600, 1332817616.623634
1332817616.623634, 1332817616.623681
1332817616.623681, 1332817616.623728
1332817616.623728, 1332817616.623748
1332817616.623749, 1332817616.623782
1332817616.623782, 1332817616.623802
1332817616.623802, 1332817616.623823
1332817616.623823, 1332817616.623843
1332817616.623843, 1332817616.623863
1332817616.623863, 1332817616.623883
1332817616.623909, 1332817616.624055
1332817616.624055, 1332817616.624160
1332817616.624162, 1332817616.624300
1332817616.624300, 1332817616.624380
1332817616.624382, 1332817616.624520
1332817616.624520, 1332817616.624600
1332817616.624601, 1332817616.624689
1332817616.624689, 1332817616.624757
1332817616.624758, 1332817616.624846
1332817616.624846, 1332817616.624914
1332817616.624915, 1332817616.625004
1332817616.625004, 1332817616.625071
1332817616.625072, 1332817616.625160
1332817616.625160, 1332817616.625227
1332817616.625229, 1332817616.625317
1332817616.625317, 1332817616.625384
1332817616.625385, 1332817616.625473
1332817616.625473, 1332817616.625541
1332817616.625542, 1332817616.625630
1332817616.625630, 1332817616.625698
1332817616.625699, 1332817616.625787
1332817616.625787, 1332817616.625855
1332817616.625856, 1332817616.625944
1332817616.625944, 1332817616.626011
1332817616.626013, 1332817616.626101
1332817616.626101, 1332817616.626168
1332817616.626169, 1332817616.626262
1332817616.626266, 1332817616.626334
1332817616.626335, 1332817616.626423
1332817616.626423, 1332817616.626491
1332817616.626492, 1332817616.626580
1332817616.626580, 1332817616.626650
