1332817616.609790, 1332817616.609804
1332817616.609878, 1332817616.609885
1332817616.609974, 1332817616.609981
1332817616.610031, 1332817616.610038
1332817616.610063, 1332817616.610069
1332817616.610107, 1332817616.610113
1332817616.610139, 1332817616.610145
1332817616.610170, 1332817616.610177
1332817616.610202, 1332817616.610208
1332817616.610233, 1332817616.610240
1332817616.610253, 1332817616.610259
1332817616.610272, 1332817616.610278
1332817616.610291, 1332817616.610298
1332817616.610298, 1332817616.610304
1332817616.610385, 1332817616.610391
1332817616.610442, 1332817616.610448
1332817616.610499, 1332817616.610505
1332817616.610543, 1332817616.610550
1332817616.610588, 1332817616.610594
1332817616.610632, 1332817616.610638
1332817616.610664, 1332817616.610670
1332817616.610696, 1332817616.610702
1332817616.610727, 1332817616.610734
1332817616.610759, 1332817616.610766
1332817616.610778, 1332817616.610785
1332817616.610805, 1332817616.610811
1332817616.610822, 1332817616.610828
1332817616.610892, 1332817616.610898
1332817616.610961, 1332817616.610968
1332817616.611031, 1332817616.611037
1332817616.611075, 1332817616.611082
1332817616.611120, 1332817616.611126
1332817616.611164, 1332817616.611171
1332817616.611209, 1332817616.611215
1332817616.611240, 1332817616.611247
1332817616.611272, 1332817616.611278
1332817616.611304, 1332817616.611310
1332817616.611336, 1332817616.611342
1332817616.611355, 1332817616.611361
1332817616.611369, 1332817616.611376
1332817616.611376, 1332817616.611382
1332817616.611420, 1332817616.611427
1332817616.611477, 1332817616.611484
1332817616.611534, 1332817616.611540
1332817616.611578, 1332817616.611584
1332817616.611622, 1332817616.611629
1332817616.611654, 1332817616.611660
1332817616.611686, 1332817616.611692
1332817616.611717, 1332817616.611724
1332817616.611736, 1332817616.611743
1332817616.611756, 1332817616.611762
1332817616.611775, 1332817616.611781
1332817616.611794, 1332817616.611800
1332817616.611808, 1332817616.611814
1332817616.611865, 1332817616.611871
1332817616.611925, 1332817616.611932
1332817616.611982, 1332817616.611989
1332817616.612026, 1332817616.612033
1332817616.612071, 1332817616.612077
1332817616.612102, 1332817616.612108
1332817616.612134, 1332817616.612140
1332817616.612165, 1332817616.612172
1332817616.612197, 1332817616.612203
1332817616.612229, 1332817616.612235
1332817616.612248, 1332817616.612259
1332817616.612276, 1332817616.612282
1332817616.612294, 1332817616.612301
1332817616.612339, 1332817616.612345
1332817616.612396, 1332817616.612402
1332817616.612453, 1332817616.612459
1332817616.612501, 1332817616.612508
1332817616.612549, 1332817616.612556
1332817616.612581, 1332817616.612588
1332817616.612613, 1332817616.612620
1332817616.612645, 1332817616.612651
1332817616.612676, 1332817616.612683
1332817616.612708, 1332817616.612715
1332817616.612728, 1332817616.612734
1332817616.612764, 1332817616.612771
1332817616.612810, 1332817616.612817
1332817616.612855, 1332817616.612861
1332817616.612888, 1332817616.612894
1332817616.612921, 1332817616.612928
1332817616.612953, 1332817616.612960
1332817616.612986, 1332817616.612993
1332817616.613032, 1332817616.613038
1332817616.613064, 1332817616.613070
1332817616.613097, 1332817616.613103
1332817616.613130, 1332817616.613136
1332817616.613162, 1332817616.613168
1332817616.613182, 1332817616.613189
1332817616.613216, 1332817616.613222
1332817616.613248, 1332817616.613254
1332817616.613280, 1332817616.613287
1332817616.613312, 1332817616.613319
1332817616.613333, 1332817616.613340
1332817616.613366, 1332817616.613373
1332817616.613386, 1332817616.613392
1332817616.613406, 1332817616.613413
1332817616.613494, 1332817616.613501
1332817616.613501, 1332817616.613508
1332817616.613510, 1332817616.613516
1332817616.613580, 1332817616.613586
1332817616.613649, 1332817616.613655
1332817616.613731, 1332817616.613738
1332817616.613776, 1332817616.613782
1332817616.613820, 1332817616.613826
1332817616.613864, 1332817616.613871
1332817616.613913, 1332817616.613920
1332817616.613945, 1332817616.613952
1332817616.613977, 1332817616.613983
1332817616.614009, 1332817616.614015
1332817616.614041, 1332817616.614047
1332817616.614060, 1332817616.614066
1332817616.614074, 1332817616.614080
1332817616.614119, 1332817616.614125
1332817616.614176, 1332817616.614182
1332817616.614233, 1332817616.614239
1332817616.614277, 1332817616.614283
1332817616.614321, 1332817616.614328
1332817616.614353, 1332817616.614359
1332817616.614389, 1332817616.614395
1332817616.614421, 1332817616.614427
1332817616.614440, 1332817616.614446
1332817616.614459, 1332817616.614465
1332817616.614478, 1332817616.614484
1332817616.614497, 1332817616.614503
1332817616.614514, 1332817616.614520
1332817616.614571, 1332817616.614577
1332817616.614577, 1332817616.614584
1332817616.614586, 1332817616.614592
1332817616.614643, 1332817616.614649
1332817616.614725, 1332817616.614731
1332817616.614794, 1332817616.614800
1332817616.614863, 1332817616.614869
1332817616.614907, 1332817616.614914
1332817616.614952, 1332817616.614958
1332817616.614996, 1332817616.615002
1332817616.615027, 1332817616.615034
1332817616.615071, 1332817616.615078
1332817616.615103, 1332817616.615110
1332817616.615135, 1332817616.615141
1332817616.615167, 1332817616.615173
1332817616.615181, 1332817616.615187
1332817616.615238, 1332817616.615244
1332817616.615319, 1332817616.615326
1332817616.615476, 1332817616.615483
1332817616.615549, 1332817616.615556
1332817616.615594, 1332817616.615600
1332817616.615638, 1332817616.615644
1332817616.615682, 1332817616.615689
1332817616.615714, 1332817616.615720
1332817616.615746, 1332817616.615752
1332817616.615777, 1332817616.615784
1332817616.615809, 1332817616.615815
1332817616.615841, 1332817616.615847
1332817616.615857, 1332817616.615863
1332817616.615914, 1332817616.615920
1332817616.615996, 1332817616.616002
1332817616.616028, 1332817616.616034
1332817616.616097, 1332817616.616104
1332817616.616154, 1332817616.616160
1332817616.616173, 1332817616.616180
1332817616.616218, 1332817616.616224
1332817616.616262, 1332817616.616269
1332817616.616281, 1332817616.616288
1332817616.616313, 1332817616.616320
1332817616.616345, 1332817616.616351
1332817616.616364, 1332817616.616370
1332817616.616378, 1332817616.616385
1332817616.616385, 1332817616.616391
1332817616.616467, 1332817616.616473
1332817616.616549, 1332817616.616555
1332817616.616580, 1332817616.616587
1332817616.616637, 1332817616.616643
1332817616.616698, 1332817616.616709
1332817616.616722, 1332817616.616729
1332817616.616767, 1332817616.616773
1332817616.616799, 1332817616.616805
1332817616.616818, 1332817616.616824
1332817616.616850, 1332817616.616856
1332817616.616881, 1332817616.616888
1332817616.616900, 1332817616.616907
1332817616.616914, 1332817616.616921
1332817616.616921, 1332817616.616927
1332817616.616978, 1332817616.616985
1332817616.617047, 1332817616.617054
1332817616.617079, 1332817616.617086
1332817616.617123, 1332817616.617130
1332817616.617168, 1332817616.617174
1332817616.617187, 1332817616.617193
1332817616.617219, 1332817616.617225
1332817616.617250, 1332817616.617257
1332817616.617269, 1332817616.617276
1332817616.617301, 1332817616.617307
1332817616.617320, 1332817616.617327
1332817616.617339, 1332817616.617346
1332817616.617353, 1332817616.617362
1332817616.617530, 1332817616.617537
1332817616.617562, 1332817616.617568
1332817616.617644, 1332817616.617650
1332817616.617713, 1332817616.617720
1332817616.617732, 1332817616.617739
1332817616.617776, 1332817616.617783
1332817616.617821, 1332817616.617827
1332817616.617845, 1332817616.617852
1332817616.617877, 1332817616.617884
1332817616.617909, 1332817616.617915
1332817616.617928, 1332817616.617934
1332817616.617960, 1332817616.617966
1332817616.617974, 1332817616.617981
1332817616.618145, 1332817616.618151
1332817616.618192, 1332817616.618198
1332817616.618249, 1332817616.618256
1332817616.618306, 1332817616.618313
1332817616.618355, 1332817616.618361
1332817616.618387, 1332817616.618393
1332817616.618419, 1332817616.618425
1332817616.618450, 1332817616.618457
1332817616.618482, 1332817616.618489
1332817616.618501, 1332817616.618508
1332817616.618521, 1332817616.618527
1332817616.618540, 1332817616.618546
1332817616.618554, 1332817616.618560
1332817616.618560, 1332817616.618567
1332817616.618643, 1332817616.618649
1332817616.618725, 1332817616.618732
1332817616.618783, 1332817616.618789
1332817616.618840, 1332817616.618846
1332817616.618884, 1332817616.618891
1332817616.618929, 1332817616.618935
1332817616.619112, 1332817616.619120
1332817616.619146, 1332817616.619152
1332817616.619178, 1332817616.619184
1332817616.619210, 1332817616.619217
1332817616.619242, 1332817616.619248
1332817616.619261, 1332817616.619268
1332817616.619276, 1332817616.619283
1332817616.619511, 1332817616.619519
1332817616.619581, 1332817616.619589
1332817616.619639, 1332817616.619646
1332817616.619772, 1332817616.619778
1332817616.619816, 1332817616.619822
1332817616.619861, 1332817616.619867
1332817616.619905, 1332817616.619912
1332817616.619937, 1332817616.619943
1332817616.619969, 1332817616.619975
1332817616.620001, 1332817616.620007
1332817616.620020, 1332817616.620026
1332817616.620039, 1332817616.620046
1332817616.620100, 1332817616.620107
1332817616.620159, 1332817616.620166
1332817616.620216, 1332817616.620223
1332817616.620250, 1332817616.620256
1332817616.620295, 1332817616.620302
1332817616.620329, 1332817616.620336
1332817616.620361, 1332817616.620368
1332817616.620368, 1332817616.620374
1332817616.620425, 1332817616.620431
1332817616.620471, 1332817616.620477
1332817616.620517, 1332817616.620523
1332817616.620549, 1332817616.620555
1332817616.620688, 1332817616.620695
1332817616.620695, 1332817616.620701
1332817616.620703, 1332817616.620710
1332817616.620773, 1332817616.620780
1332817616.620843, 1332817616.620849
1332817616.620875, 1332817616.620881
1332817616.620919, 1332817616.620926
1332817616.620976, 1332817616.620983
1332817616.620995, 1332817616.621002
1332817616.621040, 1332817616.621046
1332817616.621072, 1332817616.621078
1332817616.621091, 1332817616.621097
1332817616.621123, 1332817616.621129
1332817616.621155, 1332817616.621161
1332817616.621174, 1332817616.621180
1332817616.621188, 1332817616.621194
1332817616.621232, 1332817616.621239
1332817616.621302, 1332817616.621308
1332817616.621371, 1332817616.621378
1332817616.621416, 1332817616.621422
1332817616.621460, 1332817616.621467
1332817616.621492, 1332817616.621498
1332817616.621524, 1332817616.621530
1332817616.621556, 1332817616.621562
1332817616.621575, 1332817616.621581
1332817616.621594, 1332817616.621600
1332817616.621613, 1332817616.621619
1332817616.621632, 1332817616.621638
1332817616.621687, 1332817616.621693
1332817616.621693, 1332817616.621700
1332817616.621702, 1332817616.621708
1332817616.621771, 1332817616.621777
1332817616.621853, 1332817616.621859
1332817616.621885, 1332817616.621891
1332817616.621942, 1332817616.621948
1332817616.621991, 1332817616.621997
1332817616.622010, 1332817616.622017
1332817616.622055, 1332817616.622061
1332817616.622086, 1332817616.622093
1332817616.622105, 1332817616.622112
1332817616.622137, 1332817616.622143
1332817616.622169, 1332817616.622175
1332817616.622188, 1332817616.622194
1332817616.622202, 1332817616.622209
1332817616.622259, 1332817616.622266
1332817616.622341, 1332817616.622347
1332817616.622527, 1332817616.622534
1332817616.622584, 1332817616.622590
1332817616.622628, 1332817616.622635
1332817616.622698, 1332817616.622704
1332817616.622742, 1332817616.622748
1332817616.622774, 1332817616.622780
1332817616.622806, 1332817616.622812
1332817616.622838, 1332817616.622844
1332817616.622857, 1332817616.622863
1332817616.622876, 1332817616.622882
1332817616.622944, 1332817616.622950
1332817616.622950, 1332817616.622957
1332817616.622957, 1332817616.622967
1332817616.623039, 1332817616.623046
1332817616.623114, 1332817616.623120
1332817616.623175, 1332817616.623181
1332817616.623222, 1332817616.623228
1332817616.623269, 1332817616.623275
1332817616.623303, 1332817616.623309
1332817616.623336, 1332817616.623343
1332817616.623370, 1332817616.623377
1332817616.623390, 1332817616.623397
1332817616.623424, 1332817616.623430
1332817616.623444, 1332817616.623451
1332817616.623464, 1332817616.623471
1332817616.623478, 1332817616.623485
1332817616.623526, 1332817616.623532
1332817616.623600, 1332817616.623607
1332817616.623634, 1332817616.623640
1332817616.623681, 1332817616.623688
1332817616.623728, 1332817616.623735
1332817616.623749, 1332817616.623755
1332817616.623782, 1332817616.623789
1332817616.623802, 1332817616.623809
1332817616.623823, 1332817616.623829
1332817616.623843, 1332817616.623849
1332817616.623863, 1332817616.623869
1332817616.623883, 1332817616.623889
1332817616.623909, 1332817616.623916
1332817616.623916, 1332817616.623922
1332817616.623922, 1332817616.623929
1332817616.623956, 1332817616.623963
1332817616.623989, 1332817616.623996
1332817616.624023, 1332817616.624029
1332817616.624055, 1332817616.624061
1332817616.624061, 1332817616.624068
1332817616.624107, 1332817616.624114
1332817616.624128, 1332817616.624135
1332817616.624162, 1332817616.624168
1332817616.624168, 1332817616.624175
1332817616.624202, 1332817616.624208
1332817616.624235, 1332817616.624242
1332817616.624268, 1332817616.624275
1332817616.624300, 1332817616.624307
1332817616.624307, 1332817616.624313
1332817616.624340, 1332817616.624346
1332817616.624361, 1332817616.624367
1332817616.624382, 1332817616.624388
1332817616.624388, 1332817616.624395
1332817616.624422, 1332817616.624428
1332817616.624455, 1332817616.624461
1332817616.624488, 1332817616.624494
1332817616.624520, 1332817616.624526
1332817616.624527, 1332817616.624533
1332817616.624560, 1332817616.624566
1332817616.624580, 1332817616.624587
1332817616.624601, 1332817616.624608
1332817616.624608, 1332817616.624614
1332817616.624628, 1332817616.624635
1332817616.624649, 1332817616.624655
1332817616.624670, 1332817616.624676
1332817616.624689, 1332817616.624696
1332817616.624696, 1332817616.624702
1332817616.624716, 1332817616.624723
1332817616.624737, 1332817616.624744
1332817616.624758, 1332817616.624765
1332817616.624765, 1332817616.624771
1332817616.624785, 1332817616.624792
1332817616.624806, 1332817616.624813
1332817616.624827, 1332817616.624833
1332817616.624846, 1332817616.624853
1332817616.624853, 1332817616.624859
1332817616.624874, 1332817616.624880
1332817616.624894, 1332817616.624901
1332817616.624916, 1332817616.624922
1332817616.624922, 1332817616.624929
1332817616.624943, 1332817616.624949
1332817616.624964, 1332817616.624970
1332817616.624984, 1332817616.624991
1332817616.625004, 1332817616.625010
1332817616.625010, 1332817616.625017
1332817616.625031, 1332817616.625037
1332817616.625052, 1332817616.625058
1332817616.625072, 1332817616.625079
1332817616.625079, 1332817616.625085
1332817616.625099, 1332817616.625106
1332817616.625120, 1332817616.625127
1332817616.625141, 1332817616.625147
1332817616.625160, 1332817616.625167
1332817616.625167, 1332817616.625173
1332817616.625187, 1332817616.625194
1332817616.625208, 1332817616.625215
1332817616.625229, 1332817616.625235
1332817616.625235, 1332817616.625242
1332817616.625256, 1332817616.625263
1332817616.625277, 1332817616.625283
1332817616.625297, 1332817616.625304
1332817616.625317, 1332817616.625323
1332817616.625323, 1332817616.625330
1332817616.625344, 1332817616.625350
1332817616.625364, 1332817616.625371
1332817616.625385, 1332817616.625392
1332817616.625392, 1332817616.625398
1332817616.625413, 1332817616.625419
1332817616.625433, 1332817616.625440
1332817616.625454, 1332817616.625461
1332817616.625474, 1332817616.625480
1332817616.625480, 1332817616.625487
1332817616.625501, 1332817616.625507
1332817616.625521, 1332817616.625528
1332817616.625542, 1332817616.625549
1332817616.625549, 1332817616.625555
1332817616.625570, 1332817616.625576
1332817616.625590, 1332817616.625597
1332817616.625611, 1332817616.625618
1332817616.625630, 1332817616.625637
1332817616.625637, 1332817616.625644
1332817616.625658, 1332817616.625664
1332817616.625678, 1332817616.625685
1332817616.625699, 1332817616.625706
1332817616.625706, 1332817616.625712
1332817616.625727, 1332817616.625733
1332817616.625747, 1332817616.625754
1332817616.625768, 1332817616.625775
1332817616.625787, 1332817616.625794
1332817616.625794, 1332817616.625801
1332817616.625815, 1332817616.625821
1332817616.625835, 1332817616.625842
1332817616.625856, 1332817616.625863
1332817616.625863, 1332817616.625869
1332817616.625883, 1332817616.625890
1332817616.625904, 1332817616.625911
1332817616.625925, 1332817616.625931
1332817616.625944, 1332817616.625951
1332817616.625951, 1332817616.625957
1332817616.625971, 1332817616.625978
1332817616.625992, 1332817616.625999
1332817616.626013, 1332817616.626019
1332817616.626019, 1332817616.626026
1332817616.626040, 1332817616.626047
1332817616.626061, 1332817616.626067
1332817616.626081, 1332817616.626088
1332817616.626101, 1332817616.626107
1332817616.626107, 1332817616.626114
1332817616.626128, 1332817616.626134
1332817616.626148, 1332817616.626155
1332817616.626173, 1332817616.626180
1332817616.626180, 1332817616.626187
1332817616.626201, 1332817616.626208
1332817616.626222, 1332817616.626229
1332817616.626243, 1332817616.626249
1332817616.626266, 1332817616.626273
1332817616.626273, 1332817616.626279
1332817616.626294, 1332817616.626300
1332817616.626314, 1332817616.626321
1332817616.626336, 1332817616.626342
1332817616.626342, 1332817616.626348
1332817616.626363, 1332817616.626369
1332817616.626383, 1332817616.626390
1332817616.626404, 1332817616.626410
1332817616.626423, 1332817616.626430
1332817616.626430, 1332817616.626436
1332817616.626451, 1332817616.626457
1332817616.626471, 1332817616.626478
1332817616.626492, 1332817616.626499
1332817616.626499, 1332817616.626505
1332817616.626519, 1332817616.626526
1332817616.626540, 1332817616.626547
1332817616.626561, 1332817616.626567
1332817616.626580, 1332817616.626587
1332817616.626587, 1332817616.626593
1332817616.626609, 1332817616.626616
1332817616.626630, 1332817616.626637
1332817616.626651, 1332817616.626658
1332817616.626658, 1332817616.626664
1332817616.626687, 1332817616.626694
1332817616.626694, 1332817616.626701
1332817616.626732, 1332817616.626739
1332817616.626769, 1332817616.626776
1332817616.626806, 1332817616.626812
1332817616.626842, 1332817616.626849
1332817616.626879, 1332817616.626885
1332817616.626915, 1332817616.626922
