1332817616.610801, 1332817616.610821
1332817616.611355, 1332817616.611369
1332817616.611794, 1332817616.611807
1332817616.612275, 1332817616.612290
1332817616.614060, 1332817616.614074
1332817616.614497, 1332817616.614511
1332817616.615166, 1332817616.615180
1332817616.615841, 1332817616.615855
1332817616.616364, 1332817616.616378
1332817616.616900, 1332817616.616914
1332817616.617339, 1332817616.617353
1332817616.617960, 1332817616.617974
1332817616.618540, 1332817616.618553
1332817616.619261, 1332817616.619275
1332817616.621174, 1332817616.621188
1332817616.621632, 1332817616.621646
1332817616.622188, 1332817616.622202
1332817616.622876, 1332817616.622890
1332817616.623464, 1332817616.623478
1332817616.623883, 1332817616.623897
1332817616.626651, 1332817616.626672
1332817616.626716, 1332817616.626723
1332817616.626723, 1332817616.626731
1332817616.626753, 1332817616.626761
1332817616.626761, 1332817616.626768
1332817616.626790, 1332817616.626797
1332817616.626797, 1332817616.626804
1332817616.626826, 1332817616.626833
1332817616.626833, 1332817616.626841
1332817616.626863, 1332817616.626870
1332817616.626870, 1332817616.626877
1332817616.626899, 1332817616.626906
1332817616.626907, 1332817616.626914
1332817616.626941, 1332817616.626948
1332817616.626948, 1332817616.626955
1332817616.626957, 1332817616.626965
